# File generated by CMD 3.8 (http://stev.oapd.inaf.it/cmd) on Fri Sep 26 02:02:47 UTC 2025
# PARSEC isochrones, release v1.1 (Bressan et al. 2012)
# Basic reference: Bressan et al. (2012), MNRAS, 427, 127
# Thermal pulse cycles included 
# On RGB, assumed Reimers mass loss with efficiency eta=0.2
# LPV periods and growth rates added cf. Trabucchi et al. (2019)
# but fundamental-mode LPV periods + transition are from Trabucchi et al. (2021)
# Photometric system: <i>UBVRIJHK</i> (cf. Maiz-Apellaniz 2006 + Bessell 1990)
# Using YBC version of bolometric corrections as in Chen et al. (2019)
# O-rich circumstellar dpmod60alox40 dust from Groenewegen (2006)
# C-rich circumstellar AMCSIC15 dust from Groenewegen (2006)
# IMF: Kroupa (2001, 2002) + Kroupa et al. (2013) canonical two-part-power law IMF corrected for unresolved binaries 
# Kind of output: isochrone tables
# Zini     MH   logAge Mini        int_IMF         Mass   logL    logTe  logg  label 	 mbolmag  Umag    Bmag    Vmag    Rmag    Imag    Jmag    Hmag    Kmag
0.0152 0.01508 9.00000 0.1000000015 1.1711064122    0.100 -2.911  3.4983  5.294    0 12.047 17.784 16.119 14.518 13.166 11.628 10.153 9.526 9.262
0.0152 0.01508 9.00000 0.1200000048 1.3193154741    0.120 -2.656  3.5259  5.228    0 11.410 16.348 14.878 13.354 12.178 10.861 9.583 8.954 8.708
0.0152 0.01508 9.00000 0.1400000006 1.4384526719    0.140 -2.483  3.5413  5.185    0 10.979 15.575 14.173 12.691 11.587 10.379 9.191 8.559 8.322
0.0152 0.01508 9.00000 0.1599999964 1.5372931554    0.160 -2.350  3.5518  5.151    0 10.644 15.049 13.677 12.219 11.155 10.018 8.883 8.248 8.018
0.0152 0.01508 9.00000 0.2000000030 1.6938790862    0.200 -2.148  3.5654  5.101    0 10.141 14.331 12.981 11.550 10.531 9.485 8.417 7.778 7.558
0.0152 0.01508 9.00000 0.2500000000 1.8403257998    0.250 -1.962  3.5762  5.055    0 9.675 13.713 12.373 10.960 9.973 9.001 7.981 7.339 7.127
0.0152 0.01508 9.00000 0.3246762753 1.9998454895    0.325 -1.741  3.5867  4.989    0 9.122 13.029 11.693 10.300 9.339 8.434 7.455 6.808 6.607
0.0152 0.01508 9.00000 0.3369711637 2.0215316883    0.337 -1.717  3.5882  4.987    0 9.062 12.952 11.616 10.225 9.268 8.372 7.400 6.751 6.553
0.0152 0.01508 9.00000 0.3500000238 2.0434175133    0.350 -1.693  3.5898  4.986    0 9.003 12.873 11.538 10.150 9.197 8.311 7.345 6.696 6.499
0.0152 0.01508 9.00000 0.3619195223 2.0625317600    0.362 -1.661  3.5910  4.973    0 8.921 12.780 11.444 10.058 9.108 8.229 7.266 6.616 6.421
0.0152 0.01508 9.00000 0.3977933824 2.1154512372    0.398 -1.570  3.5941  4.935    0 8.694 12.526 11.184 9.806 8.864 8.000 7.046 6.390 6.201
0.0152 0.01508 9.00000 0.4000000060 2.1185024399    0.400 -1.565  3.5943  4.934    0 8.683 12.513 11.171 9.794 8.852 7.989 7.036 6.380 6.191
0.0152 0.01508 9.00000 0.4500000179 2.1822809362    0.450 -1.460  3.6007  4.905    0 8.419 12.185 10.837 9.475 8.547 7.720 6.788 6.125 5.947
0.0152 0.01508 9.00000 0.5157653689 2.2531364752    0.516 -1.296  3.6114  4.844    0 8.010 11.679 10.312 8.980 8.078 7.305 6.403 5.731 5.572
0.0152 0.01508 9.00000 0.5176328421 2.2549214790    0.518 -1.292  3.6118  4.843    0 8.001 11.666 10.298 8.968 8.066 7.295 6.395 5.722 5.564
0.0152 0.01508 9.00000 0.5201461315 2.2573005272    0.520 -1.287  3.6122  4.842    0 7.988 11.648 10.281 8.951 8.051 7.282 6.383 5.710 5.553
0.0152 0.01508 9.00000 0.5236759186 2.2605974791    0.524 -1.280  3.6128  4.840    0 7.969 11.624 10.255 8.928 8.029 7.264 6.366 5.693 5.536
0.0152 0.01508 9.00000 0.5292700529 2.2657191669    0.529 -1.268  3.6137  4.836    0 7.939 11.586 10.216 8.891 7.994 7.233 6.337 5.664 5.509
0.0152 0.01508 9.00000 0.5500000119 2.2836582633    0.550 -1.222  3.6173  4.821    0 7.825 11.437 10.061 8.748 7.860 7.117 6.232 5.557 5.408
0.0152 0.01508 9.00000 0.5683647990 2.2982999372    0.568 -1.169  3.6211  4.798    0 7.693 11.269 9.886 8.586 7.707 6.983 6.108 5.432 5.290
0.0152 0.01508 9.00000 0.5738861561 2.3024917884    0.574 -1.153  3.6224  4.792    0 7.653 11.216 9.831 8.536 7.661 6.943 6.071 5.395 5.255
0.0152 0.01508 9.00000 0.5774973035 2.3051835919    0.577 -1.143  3.6232  4.787    0 7.626 11.182 9.795 8.503 7.630 6.916 6.046 5.370 5.231
0.0152 0.01508 9.00000 0.5801236629 2.3071171313    0.580 -1.135  3.6238  4.783    0 7.607 11.157 9.769 8.479 7.607 6.896 6.028 5.351 5.214
0.0152 0.01508 9.00000 0.5821017027 2.3085601352    0.582 -1.129  3.6241  4.780    0 7.592 11.138 9.749 8.461 7.590 6.881 6.014 5.337 5.200
0.0152 0.01508 9.00000 0.6000000238 2.3211213258    0.600 -1.092  3.6274  4.770    0 7.501 11.012 9.620 8.343 7.481 6.788 5.930 5.255 5.123
0.0152 0.01508 9.00000 0.6499999762 2.3520353107    0.650 -0.960  3.6401  4.723    0 7.170 10.508 9.126 7.904 7.081 6.453 5.631 4.963 4.851
0.0152 0.01508 9.00000 0.6808639169 2.3685335750    0.681 -0.877  3.6493  4.697    0 6.962 10.132 8.793 7.615 6.824 6.240 5.448 4.797 4.696
0.0152 0.01508 9.00000 0.7000000477 2.3779267258    0.700 -0.827  3.6548  4.681    0 6.837 9.885 8.592 7.443 6.673 6.112 5.340 4.702 4.606
0.0152 0.01508 9.00000 0.7500000000 2.3998889087    0.750 -0.692  3.6740  4.653    0 6.499 9.104 8.003 6.952 6.260 5.763 5.059 4.480 4.397
0.0152 0.01508 9.00000 0.7531239390 2.4011502006    0.753 -0.683  3.6753  4.651    0 6.478 9.052 7.966 6.922 6.234 5.741 5.042 4.468 4.385
0.0152 0.01508 9.00000 0.8000000119 2.4187244405    0.800 -0.560  3.6943  4.630    0 6.170 8.338 7.449 6.491 5.877 5.428 4.795 4.279 4.206
0.0152 0.01508 9.00000 0.8025270104 2.4196049879    0.802 -0.553  3.6952  4.629    0 6.153 8.301 7.422 6.469 5.859 5.412 4.782 4.269 4.196
0.0152 0.01508 9.00000 0.8500000238 2.4350346840    0.850 -0.434  3.7134  4.607    0 5.855 7.647 6.955 6.078 5.529 5.118 4.548 4.089 4.023
0.0152 0.01508 9.00000 0.9000000358 2.4492786175    0.899 -0.315  3.7309  4.582    0 5.557 7.037 6.518 5.708 5.212 4.829 4.315 3.903 3.844
0.0152 0.01508 9.00000 0.9086850882 2.4515697437    0.908 -0.294  3.7337  4.577    0 5.506 6.940 6.445 5.647 5.159 4.781 4.275 3.870 3.813
0.0152 0.01508 9.00000 0.9500000477 2.4618122009    0.950 -0.200  3.7467  4.554    0 5.271 6.481 6.115 5.370 4.920 4.564 4.096 3.722 3.671
0.0152 0.01508 9.00000 1.0000000000 2.4729154477    1.000 -0.090  3.7608  4.523    0 4.995 5.979 5.746 5.059 4.648 4.313 3.884 3.542 3.498
0.0152 0.01508 9.00000 1.0156233311 2.4761281005    1.015 -0.056  3.7648  4.512    0 4.911 5.837 5.637 4.967 4.566 4.238 3.819 3.486 3.444
0.0152 0.01508 9.00000 1.0499999523 2.4828114860    1.049  0.016  3.7734  4.488    0 4.729 5.538 5.402 4.770 4.390 4.076 3.680 3.366 3.327
0.0152 0.01508 9.00000 1.1000000238 2.4916801480    1.099  0.119  3.7848  4.451    0 4.472 5.144 5.078 4.496 4.144 3.848 3.481 3.190 3.157
0.0152 0.01508 9.00000 1.1228656769 2.4954345437    1.122  0.165  3.7897  4.434    0 4.357 4.978 4.937 4.376 4.035 3.747 3.391 3.110 3.079
0.0152 0.01508 9.00000 1.1499999762 2.4996678137    1.149  0.218  3.7952  4.413    0 4.224 4.793 4.775 4.237 3.909 3.629 3.287 3.017 2.988
0.0152 0.01508 9.00000 1.2000000477 2.5068948796    1.199  0.314  3.8050  4.375    0 3.984 4.470 4.485 3.989 3.682 3.418 3.099 2.848 2.823
0.0152 0.01508 9.00000 1.2500000000 2.5134610955    1.250  0.405  3.8142  4.338    0 3.756 4.179 4.213 3.754 3.467 3.218 2.920 2.687 2.665
0.0152 0.01508 9.00000 1.2999999523 2.5194498592    1.300  0.492  3.8228  4.303    0 3.541 3.919 3.959 3.531 3.261 3.027 2.749 2.533 2.513
0.0152 0.01508 9.00000 1.3080345392 2.5203632294    1.308  0.505  3.8243  4.298    0 3.507 3.879 3.920 3.497 3.230 2.997 2.723 2.510 2.490
0.0152 0.01508 9.00000 1.3500001431 2.5249313723    1.350  0.574  3.8315  4.272    0 3.335 3.676 3.717 3.319 3.066 2.846 2.588 2.390 2.371
0.0152 0.01508 9.00000 1.4000000954 2.5299650415    1.400  0.652  3.8402  4.245    0 3.139 3.452 3.487 3.117 2.882 2.677 2.439 2.258 2.240
0.0152 0.01508 9.00000 1.4404820204 2.5337474614    1.441  0.714  3.8479  4.227    0 2.986 3.277 3.306 2.960 2.739 2.548 2.327 2.161 2.145
0.0152 0.01508 9.00000 1.4500000477 2.5346015836    1.450  0.728  3.8497  4.222    0 2.950 3.237 3.264 2.923 2.706 2.518 2.301 2.138 2.122
0.0152 0.01508 9.00000 1.4922132492 2.5382391385    1.492  0.789  3.8580  4.206    0 2.797 3.064 3.081 2.765 2.565 2.391 2.192 2.046 2.031
0.0152 0.01508 9.00000 1.5000000000 2.5388844597    1.500  0.800  3.8594  4.203    0 2.769 3.032 3.048 2.736 2.539 2.368 2.172 2.029 2.014
0.0152 0.01508 9.00000 1.5023090839 2.5390743450    1.502  0.804  3.8599  4.202    0 2.761 3.023 3.038 2.727 2.531 2.361 2.167 2.024 2.009
0.0152 0.01508 9.00000 1.5499999523 2.5428511323    1.550  0.870  3.8683  4.183    0 2.595 2.843 2.846 2.558 2.379 2.225 2.048 1.921 1.907
0.0152 0.01508 9.00000 1.5530842543 2.5430862206    1.553  0.874  3.8688  4.182    0 2.585 2.832 2.834 2.548 2.370 2.217 2.041 1.915 1.900
0.0152 0.01508 9.00000 1.5960856676 2.5462552983    1.596  0.932  3.8755  4.163    0 2.440 2.678 2.668 2.401 2.237 2.096 1.934 1.820 1.806
0.0152 0.01508 9.00000 1.6000000238 2.5465340628    1.600  0.937  3.8760  4.161    0 2.427 2.664 2.653 2.387 2.224 2.085 1.924 1.811 1.797
0.0152 0.01508 9.00000 1.6331243515 2.5488316496    1.633  0.981  3.8803  4.143    0 2.318 2.549 2.531 2.277 2.123 1.992 1.839 1.734 1.721
0.0152 0.01508 9.00000 1.6500000954 2.5499614852    1.649  1.003  3.8822  4.133    0 2.263 2.492 2.470 2.221 2.071 1.944 1.795 1.694 1.680
0.0152 0.01508 9.00000 1.6682685614 2.5511549811    1.668  1.027  3.8841  4.122    0 2.204 2.430 2.404 2.161 2.015 1.892 1.747 1.649 1.636
0.0152 0.01508 9.00000 1.7000000477 2.5531580802    1.699  1.068  3.8872  4.101    0 2.101 2.324 2.290 2.057 1.918 1.801 1.662 1.570 1.556
0.0152 0.01508 9.00000 1.7347594500 2.5552558882    1.734  1.112  3.8901  4.077    0 1.989 2.209 2.168 1.943 1.811 1.700 1.567 1.480 1.467
0.0152 0.01508 9.00000 1.7500000000 2.5561455243    1.749  1.132  3.8912  4.065    0 1.940 2.159 2.115 1.894 1.765 1.656 1.525 1.439 1.426
0.0152 0.01508 9.00000 1.7714565992 2.5573682207    1.770  1.159  3.8924  4.049    0 1.872 2.089 2.042 1.825 1.699 1.592 1.464 1.381 1.368
0.0152 0.01508 9.00000 1.8000000715 2.5589429150    1.799  1.196  3.8935  4.023    0 1.781 1.998 1.945 1.733 1.610 1.506 1.379 1.298 1.285
0.0152 0.01508 9.00000 1.8116767406 2.5595706741    1.811  1.211  3.8938  4.012    0 1.743 1.960 1.906 1.696 1.573 1.470 1.344 1.264 1.250
0.0152 0.01508 9.00000 1.8442120552 2.5612717097    1.843  1.252  3.8939  3.979    0 1.639 1.857 1.798 1.590 1.469 1.367 1.241 1.162 1.148
0.0152 0.01508 9.00000 1.8499999046 2.5615671142    1.849  1.260  3.8938  3.973    0 1.621 1.839 1.780 1.572 1.450 1.348 1.222 1.143 1.129
0.0152 0.01508 9.00000 1.8739219904 2.5627658381    1.873  1.290  3.8932  3.945    0 1.546 1.765 1.703 1.495 1.373 1.270 1.143 1.063 1.049
0.0152 0.01508 9.00000 1.9000000954 2.5640331317    1.899  1.322  3.8915  3.912    0 1.464 1.686 1.622 1.412 1.287 1.182 1.052 0.969 0.955
0.0152 0.01508 9.00000 1.9159952402 2.5647908339    1.915  1.342  3.8902  3.891    0 1.414 1.638 1.573 1.361 1.234 1.127 0.994 0.911 0.896
0.0152 0.01508 9.00000 1.9456884861 2.5661595156    1.945  1.379  3.8862  3.845    0 1.322 1.554 1.488 1.267 1.134 1.021 0.880 0.790 0.775
0.0152 0.01508 9.00000 1.9500001669 2.5663542767    1.950  1.384  3.8855  3.838    0 1.309 1.542 1.476 1.254 1.119 1.005 0.862 0.771 0.756
0.0152 0.01508 9.00000 1.9732749462 2.5673887315    1.973  1.412  3.8809  3.797    0 1.239 1.481 1.416 1.182 1.039 0.917 0.766 0.668 0.653
0.0152 0.01508 9.00000 2.0000000000 2.5685424513    2.000  1.444  3.8740  3.744    0 1.161 1.417 1.354 1.102 0.947 0.813 0.648 0.539 0.522
0.0152 0.01508 9.00000 2.0036396980 2.5686968409    2.004  1.448  3.8731  3.736    0 1.150 1.409 1.345 1.091 0.934 0.799 0.631 0.521 0.504
0.0152 0.01508 9.00000 2.0256264210 2.5696159264    2.025  1.473  3.8655  3.685    0 1.086 1.363 1.302 1.028 0.856 0.707 0.524 0.402 0.384
0.0152 0.01508 9.00000 2.0439126492 2.5703630284    2.043  1.494  3.8580  3.638    0 1.035 1.331 1.273 0.978 0.791 0.629 0.431 0.295 0.276
0.0152 0.01508 9.00000 2.0499999523 2.5706083333    2.050  1.501  3.8553  3.622    0 1.018 1.322 1.264 0.962 0.770 0.603 0.399 0.259 0.239
0.0152 0.01508 9.00000 2.0610949993 2.5710511557    2.060  1.513  3.8502  3.592    0 0.987 1.307 1.251 0.933 0.731 0.556 0.340 0.191 0.170
0.0152 0.01508 9.00000 2.0751688480 2.5716050400    2.074  1.529  3.8426  3.549    0 0.949 1.294 1.238 0.899 0.681 0.492 0.260 0.096 0.075
0.0152 0.01508 9.00000 2.0906856060 2.5722057819    2.090  1.549  3.8355  3.503    0 0.897 1.268 1.212 0.851 0.620 0.419 0.171 -0.006 -0.029
0.0152 0.01508 9.00000 2.0999999046 2.5725614918    2.099  1.563  3.8321  3.477    0 0.862 1.247 1.190 0.818 0.580 0.373 0.117 -0.066 -0.090
0.0152 0.01508 9.00000 2.1010882854 2.5726028201    2.100  1.565  3.8317  3.474    0 0.858 1.244 1.187 0.814 0.576 0.368 0.111 -0.073 -0.097
0.0152 0.01508 9.00000 2.1082856655 2.5728748863    2.107  1.591  3.8389  3.478    0 0.792 1.153 1.092 0.743 0.519 0.325 0.084 -0.085 -0.108
0.0152 0.01508 9.00000 2.1108906269 2.5729728300    2.110  1.612  3.8489  3.498    0 0.740 1.068 1.001 0.683 0.480 0.304 0.085 -0.065 -0.086
0.0152 0.01508 9.00000 2.1119914055 2.5730141345    2.111  1.631  3.8586  3.518    0 0.693 0.993 0.919 0.631 0.448 0.290 0.093 -0.039 -0.059
0.0152 0.01508 9.00000 2.1125972271 2.5730368457    2.112  1.650  3.8685  3.539    0 0.645 0.921 0.838 0.579 0.417 0.277 0.101 -0.014 -0.032
0.0152 0.01508 9.00000 2.1129539013 2.5730502098    2.112  1.670  3.8781  3.557    0 0.594 0.848 0.755 0.526 0.384 0.263 0.105 0.007 -0.010
0.0152 0.01508 9.00000 2.1131777763 2.5730585954    2.112  1.693  3.8875  3.572    0 0.538 0.772 0.670 0.471 0.349 0.244 0.105 0.022 0.006
0.0152 0.01508 9.00000 2.1133317947 2.5730643632    2.112  1.716  3.8963  3.584    0 0.480 0.697 0.588 0.418 0.314 0.224 0.101 0.030 0.015
0.0152 0.01508 9.00000 2.1134197712 2.5730676574    2.112  1.724  3.9003  3.592    0 0.459 0.668 0.557 0.400 0.303 0.220 0.104 0.039 0.024
0.0152 0.01508 9.00000 2.1134493351 2.5730687644    2.112  1.713  3.8980  3.594    0 0.488 0.701 0.592 0.427 0.326 0.238 0.119 0.050 0.035
0.0152 0.01508 9.00000 2.1135218143 2.5730714780    2.112  1.682  3.8910  3.597    0 0.565 0.792 0.690 0.500 0.384 0.285 0.153 0.074 0.059
0.0152 0.01508 9.00000 2.1135787964 2.5730736112    2.112  1.659  3.8818  3.583    0 0.623 0.868 0.775 0.556 0.421 0.306 0.156 0.063 0.047
0.0152 0.01508 9.00000 2.1136527061 2.5730763780    2.113  1.649  3.8701  3.546    0 0.649 0.920 0.836 0.582 0.423 0.287 0.113 0.001 -0.017
0.0152 0.01508 9.00000 2.1137385368 2.5730795907    2.113  1.654  3.8585  3.495    0 0.635 0.937 0.859 0.572 0.389 0.231 0.034 -0.098 -0.118
0.0152 0.01508 9.00000 2.1138403416 2.5730834010    2.113  1.663  3.8468  3.439    0 0.613 0.950 0.878 0.556 0.350 0.171 -0.052 -0.205 -0.227
0.0152 0.01508 9.00000 2.1139564514 2.5730877461    2.113  1.668  3.8352  3.387    0 0.600 0.978 0.908 0.549 0.320 0.120 -0.129 -0.304 -0.328
0.0152 0.01508 9.00000 2.1140856743 2.5730925813    2.113  1.670  3.8238  3.340    0 0.595 1.023 0.952 0.554 0.302 0.082 -0.193 -0.391 -0.417
0.0152 0.01508 9.00000 2.1142277718 2.5730978975    2.113  1.669  3.8130  3.298    0 0.598 1.081 1.004 0.568 0.294 0.054 -0.246 -0.466 -0.494
0.0152 0.01508 9.00000 2.1143863201 2.5731038282    2.113  1.665  3.8029  3.261    0 0.607 1.159 1.066 0.587 0.291 0.034 -0.290 -0.531 -0.562
0.0152 0.01508 9.00000 2.1145730019 2.5731108100    2.113  1.659  3.7933  3.229    0 0.623 1.250 1.136 0.615 0.297 0.024 -0.324 -0.584 -0.619
0.0152 0.01508 9.00000 2.1148037910 2.5731194393    2.114  1.648  3.7840  3.203    0 0.649 1.357 1.218 0.655 0.316 0.026 -0.345 -0.625 -0.663
0.0152 0.01508 9.00000 2.1151134968 2.5731310160    2.114  1.630  3.7735  3.179    0 0.696 1.507 1.331 0.721 0.358 0.049 -0.350 -0.655 -0.696
0.0152 0.01508 9.00000 2.1154785156 2.5731446553    2.114  1.601  3.7625  3.164    0 0.768 1.697 1.476 0.816 0.428 0.099 -0.330 -0.662 -0.707
0.0152 0.01508 9.00000 2.1157786846 2.5731558673    2.115  1.571  3.7540  3.161    0 0.843 1.871 1.609 0.913 0.504 0.161 -0.292 -0.645 -0.693
0.0152 0.01508 9.00000 2.1160478592 2.5731659186    2.115  1.539  3.7466  3.163    0 0.923 2.041 1.739 1.012 0.586 0.230 -0.245 -0.617 -0.667
0.0152 0.01508 9.00000 2.1162807941 2.5731746142    2.115  1.509  3.7404  3.168    0 0.997 2.197 1.855 1.104 0.664 0.296 -0.197 -0.587 -0.639
0.0152 0.01508 9.00000 2.1165759563 2.5731856296    2.115  1.474  3.7328  3.172    0 1.085 2.392 1.998 1.216 0.757 0.377 -0.140 -0.550 -0.604
0.0152 0.01508 9.00000 2.1168708801 2.5731966327    2.116  1.451  3.7255  3.167    0 1.143 2.558 2.111 1.298 0.822 0.430 -0.110 -0.540 -0.596
0.0152 0.01508 9.00000 2.1173129082 2.5732131173    2.116  1.446  3.7156  3.132    0 1.155 2.729 2.200 1.346 0.846 0.436 -0.136 -0.593 -0.653
0.0152 0.01508 9.00000 2.1173865795 2.5732158639    2.116  1.448  3.7140  3.123    0 1.149 2.749 2.208 1.347 0.842 0.430 -0.147 -0.608 -0.669
0.0152 0.01508 9.00000 2.1174626350 2.5732186992    2.116  1.454  3.7127  3.112    0 1.134 2.757 2.204 1.337 0.829 0.414 -0.168 -0.632 -0.693
0.0152 0.01508 9.00000 2.1178433895 2.5732328901    2.117  1.492  3.7064  3.050    0 1.041 2.771 2.163 1.269 0.745 0.320 -0.284 -0.766 -0.829
0.0152 0.01508 9.00000 2.1182234287 2.5732470484    2.117  1.537  3.7013  2.984    0 0.926 2.748 2.094 1.176 0.640 0.205 -0.416 -0.912 -0.978
0.0152 0.01508 9.00000 2.1185274124 2.5732583691    2.117  1.576  3.6978  2.930    0 0.829 2.716 2.028 1.095 0.549 0.107 -0.526 -1.032 -1.100
0.0152 0.01508 9.00000 2.1188311577 2.5732696772    2.118  1.617  3.6945  2.877    0 0.728 2.676 1.957 1.009 0.455 0.007 -0.638 -1.154 -1.223
0.0152 0.01508 9.00000 2.1191298962 2.5732807953    2.118  1.658  3.6914  2.824    0 0.625 2.631 1.883 0.921 0.359 -0.095 -0.751 -1.275 -1.346
0.0152 0.01508 9.00000 2.1194200516 2.5732915905    2.118  1.699  3.6884  2.771    0 0.523 2.586 1.809 0.834 0.264 -0.196 -0.863 -1.396 -1.468
0.0152 0.01508 9.00000 2.1197044849 2.5733021695    2.119  1.739  3.6856  2.719    0 0.422 2.540 1.736 0.748 0.169 -0.296 -0.973 -1.514 -1.589
0.0152 0.01508 9.00000 2.1199872494 2.5733126831    2.119  1.779  3.6829  2.669    0 0.322 2.494 1.662 0.662 0.076 -0.394 -1.082 -1.631 -1.707
0.0152 0.01508 9.00000 2.1201286316 2.5733179388    2.119  1.799  3.6816  2.643    0 0.273 2.470 1.626 0.619 0.030 -0.443 -1.136 -1.689 -1.765
0.0152 0.01508 9.00000 2.1201984882 2.5733205353    2.119  1.809  3.6809  2.631    0 0.248 2.458 1.607 0.598 0.007 -0.468 -1.163 -1.717 -1.794
0.0152 0.01508 9.00000 2.1204779148 2.5733309193    2.119  1.848  3.6783  2.581    0 0.149 2.411 1.535 0.513 -0.085 -0.565 -1.270 -1.832 -1.911
0.0152 0.01508 9.00000 2.1205477715 2.5733335148    2.119  1.858  3.6777  2.569    0 0.124 2.400 1.516 0.492 -0.108 -0.589 -1.296 -1.861 -1.940
0.0152 0.01508 9.00000 2.1206901073 2.5733388027    2.120  1.879  3.6763  2.543    0 0.073 2.377 1.479 0.448 -0.155 -0.640 -1.352 -1.920 -2.000
0.0152 0.01508 9.00000 2.1209695339 2.5733491811    2.120  1.920  3.6737  2.491    0 -0.029 2.333 1.406 0.362 -0.249 -0.739 -1.462 -2.038 -2.120
0.0152 0.01508 9.00000 2.1212444305 2.5733593883    2.120  1.960  3.6709  2.440    0 -0.131 2.302 1.337 0.276 -0.344 -0.840 -1.573 -2.157 -2.240
0.0152 0.01508 9.00000 2.1215131283 2.5733693624    2.120  2.001  3.6682  2.388    0 -0.233 2.276 1.271 0.192 -0.438 -0.940 -1.684 -2.275 -2.360
0.0152 0.01508 9.00000 2.1217761040 2.5733791212    2.121  2.042  3.6653  2.336    0 -0.334 2.252 1.206 0.109 -0.531 -1.039 -1.794 -2.393 -2.480
0.0152 0.01508 9.00000 2.1220362186 2.5733887711    2.121  2.082  3.6625  2.284    0 -0.436 2.229 1.140 0.026 -0.624 -1.139 -1.904 -2.512 -2.600
0.0152 0.01508 9.00000 2.1222898960 2.5733981796    2.121  2.123  3.6596  2.232    0 -0.536 2.209 1.077 -0.056 -0.715 -1.237 -2.014 -2.630 -2.720
0.0152 0.01508 9.00000 2.1225712299 2.5734086109    2.121  2.168  3.6563  2.174    0 -0.650 2.191 1.009 -0.145 -0.817 -1.347 -2.137 -2.763 -2.856
0.0152 0.01508 9.00000 2.1228158474 2.5734176781    2.122  2.208  3.6533  2.122    0 -0.751 2.177 0.949 -0.224 -0.908 -1.445 -2.246 -2.881 -2.976
0.0152 0.01508 9.00000 2.1230683327 2.5734270345    2.122  2.251  3.6501  2.066    0 -0.857 2.163 0.887 -0.307 -1.002 -1.547 -2.362 -3.006 -3.103
0.0152 0.01508 9.00000 2.1233251095 2.5734365473    2.122  2.295  3.6468  2.009    0 -0.967 2.154 0.825 -0.391 -1.099 -1.653 -2.481 -3.135 -3.234
0.0152 0.01508 9.00000 2.1235752106 2.5734458102    2.122  2.338  3.6435  1.953    0 -1.074 2.126 0.767 -0.474 -1.192 -1.754 -2.595 -3.256 -3.359
0.0152 0.01508 9.00000 2.1238412857 2.5734556620    2.123  2.383  3.6400  1.894    0 -1.186 2.092 0.706 -0.562 -1.289 -1.859 -2.715 -3.381 -3.490
0.0152 0.01508 9.00000 2.1241133213 2.5734657316    2.123  2.426  3.6367  1.837    0 -1.296 2.057 0.647 -0.645 -1.382 -1.961 -2.832 -3.503 -3.617
0.0152 0.01508 9.00000 2.1244173050 2.5734769802    2.123  2.467  3.6335  1.784    0 -1.398 2.024 0.592 -0.723 -1.468 -2.055 -2.939 -3.616 -3.735
0.0152 0.01508 9.00000 2.1245696545 2.5734826164    2.123  2.484  3.6321  1.761    0 -1.441 2.009 0.568 -0.756 -1.504 -2.095 -2.985 -3.664 -3.786
0.0152 0.01508 9.00000 2.1245980263 2.5734836659    2.123  2.476  3.6329  1.773    0 -1.419 2.016 0.580 -0.740 -1.485 -2.075 -2.962 -3.639 -3.760
0.0152 0.01508 9.00000 2.1246407032 2.5734852445    2.123  2.450  3.6349  1.807    0 -1.355 2.035 0.614 -0.691 -1.432 -2.016 -2.894 -3.568 -3.685
0.0152 0.01508 9.00000 2.1246652603 2.5734861529    2.123  2.411  3.6379  1.858    0 -1.257 2.068 0.667 -0.616 -1.350 -1.926 -2.791 -3.460 -3.572
0.0152 0.01508 9.00000 2.1246898174 2.5734870612    2.123  2.369  3.6412  1.913    0 -1.153 2.099 0.722 -0.537 -1.261 -1.829 -2.679 -3.343 -3.450
0.0152 0.01508 9.00000 2.1247284412 2.5734884897    2.124  2.310  3.6459  1.990    0 -1.005 2.141 0.801 -0.422 -1.133 -1.689 -2.521 -3.177 -3.278
0.0152 0.01508 9.00000 2.1247808933 2.5734904296    2.124  2.249  3.6506  2.071    0 -0.851 2.157 0.887 -0.305 -0.998 -1.542 -2.355 -2.998 -3.094
0.0152 0.01508 9.00000 2.1248507500 2.5734930131    2.124  2.191  3.6549  2.145    0 -0.708 2.173 0.970 -0.194 -0.871 -1.404 -2.199 -2.829 -2.923
0.0152 0.01508 9.00000 2.1249184608 2.5734955170    2.124  2.148  3.6582  2.202    0 -0.600 2.186 1.033 -0.109 -0.774 -1.299 -2.081 -2.701 -2.792
0.0152 0.01508 9.00000 2.1249952316 2.5734983557    2.124  2.106  3.6613  2.256    0 -0.496 2.203 1.096 -0.027 -0.681 -1.198 -1.968 -2.579 -2.668
0.0152 0.01508 9.00000 2.1250836849 2.5735016261    2.124  2.066  3.6643  2.309    0 -0.395 2.221 1.159 0.055 -0.588 -1.099 -1.858 -2.460 -2.547
0.0152 0.01508 9.00000 2.1252167225 2.5735065443    2.124  2.016  3.6680  2.373    0 -0.271 2.245 1.235 0.154 -0.476 -0.978 -1.722 -2.314 -2.399
0.0152 0.01508 9.00000 2.1253950596 2.5735131361    2.124  1.968  3.6715  2.435    0 -0.151 2.272 1.312 0.253 -0.366 -0.861 -1.591 -2.173 -2.256
0.0152 0.01508 9.00000 2.1256666183 2.5735231711    2.124  1.923  3.6748  2.494    0 -0.037 2.300 1.386 0.347 -0.260 -0.748 -1.466 -2.039 -2.120
0.0152 0.01508 9.00000 2.1259276867 2.5735328157    2.125  1.889  3.6773  2.537    0 0.047 2.331 1.444 0.417 -0.183 -0.666 -1.375 -1.940 -2.020
0.0152 0.01508 9.00000 2.1261627674 2.5735414979    2.125  1.858  3.6795  2.577    0 0.124 2.362 1.498 0.481 -0.113 -0.591 -1.291 -1.850 -1.928
0.0152 0.01508 9.00000 2.1263952255 2.5735500811    2.125  1.828  3.6817  2.616    0 0.200 2.394 1.552 0.545 -0.042 -0.516 -1.208 -1.760 -1.837
0.0152 0.01508 9.00000 2.1267256737 2.5735622787    2.126  1.787  3.6847  2.669    0 0.303 2.438 1.626 0.633 0.053 -0.414 -1.095 -1.639 -1.714
0.0152 0.01508 9.00000 2.1271617413 2.5735783682    2.126  1.743  3.6879  2.726    0 0.414 2.486 1.705 0.727 0.155 -0.305 -0.975 -1.509 -1.582
0.0152 0.01508 9.00000 2.1277508736 2.5736000934    2.127  1.699  3.6912  2.784    0 0.524 2.532 1.783 0.820 0.258 -0.197 -0.854 -1.378 -1.449
0.0152 0.01508 9.00000 2.1285545826 2.5736297091    2.127  1.656  3.6945  2.840    0 0.630 2.576 1.859 0.911 0.357 -0.091 -0.736 -1.251 -1.321
0.0152 0.01508 9.00000 2.1299591064 2.5736814024    2.129  1.613  3.6981  2.897    0 0.737 2.615 1.932 1.000 0.456 0.015 -0.617 -1.122 -1.189
0.0152 0.01508 9.00000 2.1306061745 2.5737051913    2.129  1.606  3.6988  2.907    0 0.754 2.620 1.943 1.014 0.472 0.032 -0.598 -1.100 -1.168
0.0152 0.01508 9.00000 2.1500000954 2.5744105556    2.149  1.632  3.6992  2.887    0 0.690 2.549 1.877 0.949 0.408 -0.031 -0.660 -1.162 -1.228
0.0152 0.01508 9.00000 2.1653356552 2.5749580400    2.164  1.653  3.6993  2.869    0 0.637 2.491 1.821 0.894 0.354 -0.085 -0.713 -1.214 -1.281
0.0152 0.01508 9.00000 2.1935615540 2.5759427386    2.192  1.696  3.6997  2.834    0 0.531 2.378 1.713 0.786 0.248 -0.191 -0.818 -1.317 -1.384
0.0152 0.01508 9.00000 2.2000000477 2.5761632879    2.199  1.706  3.6997  2.825    0 0.504 2.351 1.686 0.759 0.221 -0.218 -0.844 -1.344 -1.411
0.0152 0.01508 9.00000 2.2092814445 2.5764786203    2.208  1.722  3.6996  2.811    0 0.465 2.312 1.647 0.720 0.182 -0.257 -0.884 -1.383 -1.450
0.0152 0.01508 9.00000 2.2300825119 2.5771743790    2.229  1.760  3.6991  2.775    0 0.371 2.227 1.558 0.628 0.089 -0.351 -0.980 -1.480 -1.547
0.0152 0.01508 9.00000 2.2500000000 2.5778267375    2.249  1.798  3.6980  2.736    0 0.275 2.151 1.472 0.537 -0.005 -0.447 -1.080 -1.583 -1.651
0.0152 0.01508 9.00000 2.2621996403 2.5782197955    2.261  1.823  3.6971  2.710    0 0.213 2.105 1.418 0.479 -0.065 -0.508 -1.144 -1.650 -1.719
0.0152 0.01508 9.00000 2.2634665966 2.5782603362    2.262  1.825  3.6970  2.707    0 0.207 2.101 1.413 0.473 -0.071 -0.515 -1.151 -1.658 -1.726
0.0152 0.01508 9.00000 2.2688078880 2.5784306769    2.267  1.839  3.6961  2.691    0 0.173 2.083 1.387 0.444 -0.103 -0.548 -1.188 -1.697 -1.766
0.0152 0.01508 9.00000 2.2855548859 2.5789588297    2.284  1.889  3.6920  2.628    0 0.048 2.035 1.300 0.338 -0.219 -0.672 -1.327 -1.848 -1.919
0.0152 0.01508 9.00000 2.2870960236 2.5790069861    2.286  1.896  3.6912  2.617    0 0.029 2.031 1.288 0.322 -0.236 -0.691 -1.349 -1.872 -1.943
0.0152 0.01508 9.00000 2.2927353382 2.5791825649    2.291  2.020  3.6810  2.454    0 -0.281 1.933 1.082 0.065 -0.522 -0.996 -1.692 -2.245 -2.322
0.0152 0.01508 9.00000 2.2980844975 2.5793481943    2.297  2.054  3.6776  2.408    0 -0.364 1.933 1.037 0.001 -0.597 -1.079 -1.787 -2.349 -2.428
0.0152 0.01508 9.00000 2.2996678352 2.5793970503    2.298  2.096  3.6735  2.349    0 -0.471 1.929 0.978 -0.081 -0.693 -1.184 -1.907 -2.481 -2.562
0.0152 0.01508 9.00000 2.2999999523 2.5794072884    2.299  2.112  3.6720  2.327    0 -0.511 1.926 0.955 -0.113 -0.729 -1.223 -1.952 -2.530 -2.612
0.0152 0.01508 9.00000 2.3002045155 2.5794135927    2.299  2.123  3.6711  2.313    0 -0.537 1.925 0.941 -0.133 -0.752 -1.248 -1.980 -2.561 -2.644
0.0152 0.01508 9.00000 2.3005259037 2.5794234948    2.299  2.152  3.6684  2.273    0 -0.610 1.921 0.900 -0.190 -0.818 -1.320 -2.063 -2.651 -2.736
0.0152 0.01508 9.00000 2.3006637096 2.5794277397    2.299  2.178  3.6661  2.238    0 -0.675 1.918 0.864 -0.240 -0.876 -1.383 -2.135 -2.730 -2.816
0.0152 0.01508 9.00000 2.3007385731 2.5794300455    2.299  2.205  3.6638  2.202    0 -0.743 1.911 0.825 -0.293 -0.937 -1.449 -2.210 -2.811 -2.899
0.0152 0.01508 9.00000 2.3007879257 2.5794315654    2.299  2.231  3.6617  2.167    0 -0.808 1.905 0.788 -0.343 -0.995 -1.511 -2.280 -2.888 -2.977
0.0152 0.01508 9.00000 2.3008797169 2.5794343922    2.300  2.216  3.6630  2.188    0 -0.770 1.907 0.809 -0.314 -0.961 -1.475 -2.239 -2.843 -2.931
0.0152 0.01508 9.00000 2.3010885715 2.5794408231    2.300  2.197  3.6646  2.213    0 -0.722 1.912 0.837 -0.276 -0.918 -1.428 -2.186 -2.785 -2.872
0.0152 0.01508 9.00000 2.3025770187 2.5794866155    2.301  2.258  3.6596  2.133    0 -0.874 1.896 0.749 -0.395 -1.054 -1.576 -2.353 -2.967 -3.057
0.0152 0.01508 9.00000 2.3033282757 2.5795097023    2.302  2.303  3.6559  2.072    0 -0.989 1.888 0.684 -0.483 -1.156 -1.686 -2.478 -3.103 -3.196
0.0152 0.01508 9.00000 2.3040084839 2.5795305907    2.303  2.350  3.6521  2.011    0 -1.105 1.881 0.620 -0.571 -1.258 -1.798 -2.605 -3.241 -3.337
0.0152 0.01508 9.00000 2.3045592308 2.5795474931    2.303  2.395  3.6483  1.950    0 -1.218 1.859 0.561 -0.659 -1.358 -1.906 -2.728 -3.371 -3.472
0.0152 0.01508 9.00000 2.3049740791 2.5795602187    2.304  2.436  3.6451  1.896    0 -1.321 1.832 0.506 -0.738 -1.446 -2.002 -2.838 -3.487 -3.592
0.0152 0.01508 9.00000 2.3053104877 2.5795705343    2.304  2.475  3.6420  1.846    0 -1.417 1.805 0.455 -0.812 -1.529 -2.092 -2.941 -3.594 -3.704
0.0152 0.01508 9.00000 2.3055694103 2.5795784714    2.304  2.511  3.6389  1.797    0 -1.508 1.781 0.408 -0.881 -1.606 -2.177 -3.039 -3.698 -3.812
0.0152 0.01508 9.00000 2.3057234287 2.5795831918    2.304  2.543  3.6362  1.755    0 -1.587 1.759 0.367 -0.940 -1.672 -2.250 -3.123 -3.786 -3.905
0.0152 0.01508 9.00000 2.3058960438 2.5795884813    2.305  2.577  3.6335  1.710    0 -1.672 1.731 0.321 -1.004 -1.743 -2.327 -3.212 -3.880 -4.004
0.0152 0.01508 9.00000 2.3060824871 2.5795941935    2.305  2.607  3.6310  1.669    0 -1.748 1.707 0.280 -1.062 -1.806 -2.397 -3.293 -3.965 -4.094
0.0152 0.01508 9.00000 2.3062720299 2.5795999996    2.305  2.639  3.6284  1.627    0 -1.827 1.680 0.238 -1.120 -1.870 -2.469 -3.377 -4.053 -4.186
0.0152 0.01508 9.00000 2.3064539433 2.5796055710    2.305  2.670  3.6258  1.586    0 -1.904 1.653 0.197 -1.177 -1.933 -2.540 -3.459 -4.140 -4.278
0.0152 0.01508 9.00000 2.3066332340 2.5796110610    2.305  2.701  3.6232  1.544    0 -1.983 1.624 0.154 -1.235 -1.997 -2.611 -3.542 -4.227 -4.370
0.0152 0.01508 9.00000 2.3068099022 2.5796164698    2.306  2.733  3.6205  1.502    0 -2.062 1.597 0.112 -1.292 -2.060 -2.681 -3.625 -4.315 -4.464
0.0152 0.01508 9.00000 2.3069825172 2.5796217536    2.306  2.766  3.6177  1.458    0 -2.145 1.600 0.074 -1.346 -2.125 -2.758 -3.714 -4.412 -4.565
0.0152 0.01508 9.00000 2.3071525097 2.5796269562    2.306  2.800  3.6149  1.413    0 -2.229 1.608 0.038 -1.400 -2.190 -2.835 -3.805 -4.511 -4.667
0.0152 0.01508 9.00000 2.3073232174 2.5796321798    2.306  2.840  3.6114  1.359    0 -2.330 1.618 -0.006 -1.464 -2.269 -2.928 -3.914 -4.630 -4.791
0.0152 0.01508 9.00000 2.3074760437 2.5796368555    2.306  2.883  3.6078  1.301    0 -2.436 1.629 -0.048 -1.528 -2.348 -3.025 -4.028 -4.755 -4.921
0.0152 0.01508 9.00000 2.3075065613 2.5796377891    2.306  2.893  3.6069  1.288    0 -2.462 1.631 -0.058 -1.542 -2.366 -3.048 -4.056 -4.784 -4.952
#isochrone terminated
